0 0.55390625 0.67578125 0.01953125 0.0296875
0 0.66875 0.834375 0.028125 0.03515625
2 0.1234375 0.22734375 0.11796875 0.15859375
2 0.81328125 0.678125 0.06796875 0.1484375
2 0.5078125 0.246875 0.03984375 0.13359375
2 0.35234375 0.24765625 0.05546875 0.12421875
2 0.36171875 0.6859375 0.0609375 0.08984375
2 0.53125 0.70390625 0.05234375 0.09140625
2 0.6390625 0.85234375 0.05 0.071875
2 0.5296875 0.4703125 0.08125 0.103125
0 0.6734375 0.17109375 0.0765625 0.03203125
1 0.35390625 0.55 0.05546875 0.07734375
0 0.41484375 0.47421875 0.03671875 0.03359375
2 0.65859375 0.21796875 0.05546875 0.11640625
1 0.621875 0.90625 0.06171875 0.03984375
2 0.72890625 0.5046875 0.0703125 0.06328125
1 0.52734375 0.3359375 0.04375 0.05078125
0 0.37734375 0.2046875 0.05 0.0390625
1 0.7 0.29375 0.09609375 0.03515625
0 0.84140625 0.62890625 0.0390625 0.046875
2 0.2390625 0.4609375 0.0828125 0.10703125
1 0.403125 0.7875 0.040625 0.11015625
2 0.78515625 0.321875 0.07109375 0.16171875
1 0.3671875 0.35546875 0.0484375 0.0921875
1 0.5484375 0.7890625 0.046875 0.06875
1 0.74296875 0.54609375 0.02890625 0.028125
1 0.584375 0.5125 0.0765625 0.046875
0 0.3359375 0.66796875 0.02109375 0.03203125
0 0.51875 0.19921875 0.02578125 0.03828125
2 0.41640625 0.49765625 0.06640625 0.06953125
0 0.15625 0.18671875 0.04765625 0.0546875
1 0.19296875 0.32890625 0.15 0.0734375
1 0.82265625 0.1734375 0.1515625 0.128125
0 0.78203125 0.36953125 0.04296875 0.0515625
1 0.725 0.4375 0.0984375 0.0671875
0 0.484375 0.44921875 0.02734375 0.0390625
1 0.21875 0.53828125 0.13125 0.04375
1 0.0796875 0.4171875 0.0890625 0.04453125
0 0.12890625 0.50234375 0.03828125 0.028125
2 0.13359375 0.4765625 0.06875 0.071875
0 0.22890625 0.7953125 0.0765625 0.05
1 0.09453125 0.67265625 0.0984375 0.0609375
2 0.21875 0.7359375 0.1421875 0.190625
0 0.11640625 0.86796875 0.07109375 0.02578125
2 0.203125 0.884375 0.26015625 0.03984375
1 0.353125 0.92265625 0.03515625 0.07734375
0 0.4609375 0.91484375 0.04375 0.02578125
1 0.50546875 0.85078125 0.0421875 0.0703125
2 0.484375 0.921875 0.07734375 0.06953125
2 0.709375 0.71015625 0.05390625 0.10546875
1 0.63828125 0.6390625 0.08671875 0.09453125
0 0.628125 0.73828125 0.03984375 0.04375
1 0.80390625 0.765625 0.0875 0.0234375