2 0.36015625 0.75 0.0390625 0.1140625
2 0.8703125 0.46015625 0.0875 0.1234375
2 0.840625 0.28203125 0.109375 0.1671875
1 0.7125 0.52109375 0.02890625 0.08203125
2 0.64296875 0.74453125 0.06171875 0.13203125
0 0.51953125 0.6984375 0.04140625 0.0171875
1 0.50390625 0.79453125 0.01953125 0.05703125
1 0.38359375 0.52421875 0.015625 0.03203125
2 0.65703125 0.240625 0.0953125 0.11171875
2 0.534375 0.73203125 0.0625 0.06953125
2 0.340625 0.23671875 0.040625 0.1265625
2 0.503125 0.21953125 0.040625 0.1421875
0 0.4328125 0.4359375 0.02890625 0.03828125
2 0.4078125 0.46015625 0.06484375 0.09375
0 0.33046875 0.196875 0.02890625 0.046875
0 0.3609375 0.7171875 0.05234375 0.04609375
0 0.66171875 0.16953125 0.06875 0.0375
0 0.9078125 0.4234375 0.03046875 0.04296875
2 0.19609375 0.7171875 0.03515625 0.1375
0 0.821875 0.69453125 0.021875 0.025
2 0.23828125 0.4640625 0.02421875 0.090625
1 0.49140625 0.33046875 0.07109375 0.0765625
0 0.68359375 0.70234375 0.034375 0.0375
1 0.8234375 0.5640625 0.0453125 0.08203125
0 0.19140625 0.66953125 0.034375 0.0390625
0 0.4921875 0.16015625 0.02578125 0.03359375
1 0.3484375 0.31328125 0.0203125 0.028125
1 0.16953125 0.8359375 0.075 0.09765625
1 0.39296875 0.8359375 0.02734375 0.0859375
2 0.796875 0.72734375 0.0359375 0.09921875
1 0.66953125 0.33984375 0.12578125 0.08046875
1 0.76484375 0.334375 0.040625 0.040625
0 0.921875 0.225 0.04765625 0.06328125
0 0.1625 0.23515625 0.06015625 0.02734375
2 0.19375 0.2296875 0.13203125 0.09765625
1 0.23984375 0.29296875 0.040625 0.02734375
1 0.2453125 0.5140625 0.028125 0.01015625
0 0.26171875 0.446875 0.01796875 0.03203125
0 0.5859375 0.43125 0.03828125 0.04140625
2 0.53046875 0.4625 0.059375 0.1
1 0.603125 0.48359375 0.0796875 0.05390625
0 0.7515625 0.425 0.03125 0.021875
2 0.715625 0.453125 0.03828125 0.05390625
1 0.60234375 0.803125 0.01875 0.021875
1 0.834375 0.8125 0.1203125 0.06953125