2 0.259375 0.30625 0.040625 0.09140625
2 0.846875 0.78046875 0.0796875 0.18828125
2 0.20390625 0.81953125 0.07734375 0.134375
1 0.64765625 0.45625 0.03203125 0.0453125
2 0.77734375 0.5390625 0.0671875 0.1671875
2 0.67265625 0.54453125 0.05625 0.1328125
0 0.31015625 0.53984375 0.03359375 0.03125
2 0.46015625 0.803125 0.07265625 0.1375
2 0.42421875 0.5265625 0.05625 0.1484375
1 0.5375 0.475 0.059375 0.1296875
0 0.246875 0.33125 0.04921875 0.04609375
2 0.71171875 0.78359375 0.0359375 0.16015625
2 0.321875 0.83515625 0.075 0.1140625
1 0.7734375 0.17890625 0.0328125 0.0671875
0 0.33515625 0.875 0.0390625 0.0375
2 0.42109375 0.30078125 0.075 0.09921875
0 0.40390625 0.584375 0.0328125 0.03125
1 0.60703125 0.72421875 0.025 0.021875
1 0.6921875 0.6953125 0.05859375 0.01875
1 0.83828125 0.6734375 0.03984375 0.02890625
2 0.584375 0.76875 0.04140625 0.06796875
0 0.17421875 0.85625 0.02890625 0.0453125
0 0.46328125 0.33671875 0.034375 0.025
2 0.296875 0.509375 0.053125 0.0671875
0 0.70078125 0.84453125 0.021875 0.03828125
1 0.3703125 0.21796875 0.09453125 0.06953125
2 0.15390625 0.55625 0.04296875 0.0796875
0 0.6609375 0.61015625 0.04375 0.021875
1 0.16796875 0.46171875 0.075 0.10625
0 0.13828125 0.575 0.0625 0.0390625
1 0.434375 0.41796875 0.040625 0.06875
2 0.7921875 0.2734375 0.1015625 0.1203125
0 0.5984375 0.80703125 0.05078125 0.01953125
0 0.54609375 0.596875 0.0265625 0.03515625
0 0.89140625 0.846875 0.025 0.046875
0 0.46015625 0.86953125 0.0828125 0.02734375
1 0.50625 0.7359375 0.096875 0.03671875
1 0.34375 0.73046875 0.12421875 0.09296875
1 0.13671875 0.6984375 0.19296875 0.10625
1 0.3515625 0.48046875 0.0765625 0.015625
2 0.52421875 0.578125 0.02734375 0.0734375
0 0.821875 0.58046875 0.0421875 0.05625
1 0.80859375 0.42734375 0.17265625 0.0546875
0 0.84453125 0.296875 0.05625 0.03828125
0 0.6359375 0.33203125 0.0984375 0.040625
2 0.54765625 0.26171875 0.040625 0.09609375
1 0.5984375 0.2484375 0.0546875 0.0578125
1 0.1859375 0.26171875 0.10390625 0.0828125