2 0.34609375 0.59453125 0.053125 0.1265625
2 0.3859375 0.42734375 0.0390625 0.09375
0 0.40625 0.45703125 0.025 0.03515625
2 0.2734375 0.79375 0.078125 0.0859375
0 0.26484375 0.82265625 0.0390625 0.03515625
2 0.2921875 0.421875 0.03828125 0.08671875
2 0.74921875 0.25 0.07109375 0.18125
2 0.2625 0.25703125 0.09765625 0.09609375
0 0.16484375 0.15625 0.05 0.01953125
1 0.1984375 0.584375 0.13203125 0.1265625
0 0.64609375 0.82109375 0.04375 0.03671875
0 0.4171875 0.246875 0.02890625 0.028125
2 0.53046875 0.79765625 0.065625 0.14296875
0 0.58984375 0.23828125 0.03828125 0.01953125
1 0.28125 0.37265625 0.015625 0.0109375
2 0.0921875 0.5953125 0.06875 0.1
1 0.45 0.54140625 0.0421875 0.065625
0 0.4671875 0.62421875 0.0328125 0.02890625
0 0.79375 0.5734375 0.0859375 0.0546875
1 0.16875 0.41171875 0.01875 0.03359375
2 0.63515625 0.7921875 0.06015625 0.1046875
2 0.396875 0.2171875 0.05234375 0.09140625
2 0.76875 0.5296875 0.14140625 0.153125
0 0.33359375 0.659375 0.04609375 0.01875
0 0.2890625 0.4515625 0.028125 0.0296875
0 0.12421875 0.4625 0.02734375 0.02578125
1 0.6140625 0.15390625 0.05390625 0.040625
1 0.28046875 0.05703125 0.16484375 0.04921875
0 0.09765625 0.79609375 0.02421875 0.02265625
2 0.09296875 0.7703125 0.06015625 0.1
1 0.12734375 0.709375 0.1234375 0.01875
1 0.36171875 0.759375 0.09609375 0.10234375
1 0.51796875 0.66640625 0.02890625 0.11875
0 0.6078125 0.8703125 0.0828125 0.03125
1 0.67578125 0.68828125 0.05859375 0.10078125
1 0.6890625 0.40390625 0.05078125 0.0984375
0 0.54453125 0.35078125 0.0390625 0.03046875
2 0.58515625 0.365625 0.06875 0.090625
1 0.60625 0.4609375 0.109375 0.096875
1 0.4140625 0.34921875 0.071875 0.06171875
1 0.35625 0.315625 0.0875 0.08046875
2 0.146875 0.45546875 0.05859375 0.0515625
1 0.109375 0.65234375 0.0515625 0.0125
0 0.07890625 0.5546875 0.06484375 0.05
1 0.315625 0.509375 0.0546875 0.0453125
2 0.4765625 0.60859375 0.03671875 0.06953125
0 0.1859375 0.27109375 0.0296875 0.02890625
2 0.13515625 0.2796875 0.0640625 0.0578125
1 0.09296875 0.29375 0.01484375 0.025
0 0.25546875 0.21640625 0.02734375 0.02421875
1 0.4390625 0.14375 0.03046875 0.07734375
2 0.609375 0.20234375 0.0828125 0.0546875
0 0.73515625 0.178125 0.04375 0.021875
1 0.67421875 0.31796875 0.0703125 0.0640625
2 0.184375 0.12265625 0.134375 0.07890625