0 0.14296875 0.2265625 0.04453125 0.021875
2 0.1421875 0.2640625 0.059375 0.0875
1 0.17109375 0.32734375 0.03515625 0.03671875
2 0.271875 0.26015625 0.05859375 0.1421875
1 0.31015625 0.3484375 0.06640625 0.034375
0 0.26875 0.2109375 0.02734375 0.0328125
0 0.43671875 0.22734375 0.02421875 0.03359375
2 0.4546875 0.24453125 0.03125 0.09765625
1 0.5375 0.32890625 0.1765625 0.07109375
0 0.69921875 0.2171875 0.06484375 0.02890625
2 0.6859375 0.2671875 0.0640625 0.0953125
1 0.75234375 0.35703125 0.08984375 0.084375
0 0.7984375 0.2265625 0.053125 0.0421875
2 0.8421875 0.24765625 0.03515625 0.08203125
1 0.85 0.32890625 0.06328125 0.08359375
0 0.7890625 0.45 0.02265625 0.03828125
2 0.7765625 0.48828125 0.05 0.12890625
1 0.83203125 0.59375 0.0609375 0.115625
0 0.64765625 0.4359375 0.0375 0.03359375
2 0.66875 0.475 0.021875 0.10703125
1 0.6625 0.54609375 0.0359375 0.03515625
0 0.50234375 0.43984375 0.0625 0.028125
2 0.49921875 0.484375 0.0859375 0.09921875
1 0.46328125 0.5453125 0.10546875 0.01953125
0 0.35703125 0.43984375 0.0265625 0.03828125
2 0.3359375 0.48515625 0.02578125 0.14140625
1 0.3953125 0.58203125 0.08984375 0.071875
0 0.134375 0.42578125 0.0515625 0.02578125
2 0.18046875 0.45625 0.0796875 0.09765625
1 0.23515625 0.5515625 0.09296875 0.09140625
0 0.2546875 0.625 0.0890625 0.04609375
2 0.21796875 0.67421875 0.08203125 0.1328125
1 0.1875 0.7953125 0.16015625 0.1109375
0 0.359375 0.64921875 0.0625 0.03359375
2 0.3921875 0.7078125 0.04921875 0.1578125
1 0.36640625 0.8015625 0.12421875 0.0265625
0 0.515625 0.66875 0.03515625 0.03359375
2 0.5359375 0.6921875 0.05234375 0.096875
1 0.56171875 0.775 0.04296875 0.065625
0 0.6609375 0.64765625 0.02890625 0.0328125
2 0.703125 0.69921875 0.09453125 0.159375
1 0.7265625 0.7984375 0.034375 0.03984375