0 0.109375 0.23203125 0.0421875 0.0390625
2 0.1515625 0.26171875 0.04921875 0.0984375
1 0.1171875 0.35859375 0.13125 0.0953125
0 0.309375 0.19609375 0.06875 0.03046875
2 0.278125 0.28359375 0.04375 0.19765625
1 0.28828125 0.4171875 0.04609375 0.07109375
0 0.41328125 0.26015625 0.04609375 0.0578125
2 0.3921875 0.27578125 0.0328125 0.1015625
1 0.4140625 0.34765625 0.05078125 0.040625
0 0.5109375 0.26953125 0.0734375 0.0578125
2 0.50703125 0.29453125 0.0765625 0.14453125
0 0.696875 0.26328125 0.0765625 0.04921875
2 0.690625 0.30234375 0.0375 0.14921875
1 0.70546875 0.428125 0.03984375 0.1109375
1 0.51953125 0.43671875 0.0953125 0.1390625
1 0.86796875 0.240625 0.07109375 0.028125
2 0.85 0.29453125 0.09609375 0.0859375
1 0.8359375 0.38359375 0.0671875 0.08984375
0 0.1515625 0.503125 0.02265625 0.04296875
2 0.12265625 0.51875 0.040625 0.0734375
1 0.11171875 0.59609375 0.05 0.08125
0 0.24765625 0.51171875 0.0484375 0.028125
2 0.23125 0.54296875 0.0375 0.0875
1 0.23984375 0.634375 0.06640625 0.09921875
0 0.3890625 0.540625 0.0421875 0.03671875
2 0.3796875 0.57109375 0.0421875 0.10234375
1 0.371875 0.63515625 0.06484375 0.03125
0 0.46875 0.5484375 0.0546875 0.0421875
2 0.48203125 0.5765625 0.0671875 0.08828125
1 0.47734375 0.64765625 0.053125 0.0484375
0 0.62265625 0.53671875 0.040625 0.0546875
2 0.63828125 0.57421875 0.08359375 0.140625
1 0.6234375 0.678125 0.075 0.0703125
0 0.7640625 0.51484375 0.04140625 0.0328125
2 0.8109375 0.5546875 0.05 0.115625
1 0.82109375 0.65546875 0.05859375 0.0875
0 0.15625 0.69296875 0.0578125 0.0296875
2 0.16875 0.7625 0.065625 0.11640625
1 0.13359375 0.85546875 0.08203125 0.06640625
0 0.2703125 0.73125 0.0484375 0.0703125
2 0.3265625 0.7546875 0.07109375 0.13125
1 0.29453125 0.82734375 0.03359375 0.025
0 0.38203125 0.703125 0.04609375 0.03125
2 0.44375 0.76796875 0.06953125 0.15703125
1 0.43828125 0.8609375 0.06171875 0.0328125
0 0.5515625 0.7359375 0.08515625 0.0390625
2 0.5828125 0.7703125 0.10625 0.0765625
1 0.575 0.8734375 0.09453125 0.13046875
0 0.74296875 0.70390625 0.0640625 0.0375
2 0.76796875 0.7453125 0.0703125 0.09140625
1 0.76328125 0.83203125 0.078125 0.07890625