2 0.740625 0.69375 0.040625 0.09140625
2 0.153125 0.21953125 0.0796875 0.18828125
2 0.79609375 0.18046875 0.07734375 0.134375
1 0.35234375 0.54375 0.03203125 0.0453125
2 0.22265625 0.4609375 0.0671875 0.1671875
2 0.32734375 0.45546875 0.05625 0.1328125
0 0.68984375 0.46015625 0.03359375 0.03125
2 0.53984375 0.196875 0.07265625 0.1375
2 0.57578125 0.4734375 0.05625 0.1484375
1 0.4625 0.525 0.059375 0.1296875
0 0.753125 0.66875 0.04921875 0.04609375
2 0.28828125 0.21640625 0.0359375 0.16015625
2 0.678125 0.16484375 0.075 0.1140625
1 0.2265625 0.82109375 0.0328125 0.0671875
0 0.66484375 0.125 0.0390625 0.0375
2 0.57890625 0.69921875 0.075 0.09921875
0 0.59609375 0.415625 0.0328125 0.03125
1 0.39296875 0.27578125 0.025 0.021875
1 0.3078125 0.3046875 0.05859375 0.01875
1 0.16171875 0.3265625 0.03984375 0.02890625
2 0.415625 0.23125 0.04140625 0.06796875
0 0.82578125 0.14375 0.02890625 0.0453125
0 0.53671875 0.66328125 0.034375 0.025
2 0.703125 0.490625 0.053125 0.0671875
0 0.29921875 0.15546875 0.021875 0.03828125
1 0.6296875 0.78203125 0.09453125 0.06953125
2 0.84609375 0.44375 0.04296875 0.0796875
0 0.3390625 0.38984375 0.04375 0.021875
1 0.83203125 0.53828125 0.075 0.10625
0 0.86171875 0.425 0.0625 0.0390625
1 0.565625 0.58203125 0.040625 0.06875
2 0.2078125 0.7265625 0.1015625 0.1203125
0 0.4015625 0.19296875 0.05078125 0.01953125
0 0.45390625 0.403125 0.0265625 0.03515625
0 0.10859375 0.153125 0.025 0.046875
0 0.53984375 0.13046875 0.0828125 0.02734375
1 0.49375 0.2640625 0.096875 0.03671875
1 0.65625 0.26953125 0.12421875 0.09296875
1 0.86328125 0.3015625 0.19296875 0.10625
1 0.6484375 0.51953125 0.0765625 0.015625
2 0.47578125 0.421875 0.02734375 0.0734375
0 0.178125 0.41953125 0.0421875 0.05625
1 0.19140625 0.57265625 0.17265625 0.0546875
0 0.15546875 0.703125 0.05625 0.03828125
0 0.3640625 0.66796875 0.0984375 0.040625
2 0.45234375 0.73828125 0.040625 0.09609375
1 0.4015625 0.7515625 0.0546875 0.0578125
1 0.8140625 0.73828125 0.10390625 0.0828125