2 0.63984375 0.75 0.0390625 0.1140625
2 0.1296875 0.46015625 0.0875 0.1234375
2 0.159375 0.28203125 0.109375 0.1671875
1 0.2875 0.52109375 0.02890625 0.08203125
2 0.35703125 0.74453125 0.06171875 0.13203125
0 0.48046875 0.6984375 0.04140625 0.0171875
1 0.49609375 0.79453125 0.01953125 0.05703125
1 0.61640625 0.52421875 0.015625 0.03203125
2 0.34296875 0.240625 0.0953125 0.11171875
2 0.465625 0.73203125 0.0625 0.06953125
2 0.659375 0.23671875 0.040625 0.1265625
2 0.496875 0.21953125 0.040625 0.1421875
0 0.5671875 0.4359375 0.02890625 0.03828125
2 0.5921875 0.46015625 0.06484375 0.09375
0 0.66953125 0.196875 0.02890625 0.046875
0 0.6390625 0.7171875 0.05234375 0.04609375
0 0.33828125 0.16953125 0.06875 0.0375
0 0.0921875 0.4234375 0.03046875 0.04296875
2 0.80390625 0.7171875 0.03515625 0.1375
0 0.178125 0.69453125 0.021875 0.025
2 0.76171875 0.4640625 0.02421875 0.090625
1 0.50859375 0.33046875 0.07109375 0.0765625
0 0.31640625 0.70234375 0.034375 0.0375
1 0.1765625 0.5640625 0.0453125 0.08203125
0 0.80859375 0.66953125 0.034375 0.0390625
0 0.5078125 0.16015625 0.02578125 0.03359375
1 0.6515625 0.31328125 0.0203125 0.028125
1 0.83046875 0.8359375 0.075 0.09765625
1 0.60703125 0.8359375 0.02734375 0.0859375
2 0.203125 0.72734375 0.0359375 0.09921875
1 0.33046875 0.33984375 0.12578125 0.08046875
1 0.23515625 0.334375 0.040625 0.040625
0 0.078125 0.225 0.04765625 0.06328125
0 0.8375 0.23515625 0.06015625 0.02734375
2 0.80625 0.2296875 0.13203125 0.09765625
1 0.76015625 0.29296875 0.040625 0.02734375
1 0.7546875 0.5140625 0.028125 0.01015625
0 0.73828125 0.446875 0.01796875 0.03203125
0 0.4140625 0.43125 0.03828125 0.04140625
2 0.46953125 0.4625 0.059375 0.1
1 0.396875 0.48359375 0.0796875 0.05390625
0 0.2484375 0.425 0.03125 0.021875
2 0.284375 0.453125 0.03828125 0.05390625
1 0.39765625 0.803125 0.01875 0.021875
1 0.165625 0.8125 0.1203125 0.06953125