0 0.17421875 0.159375 0.034375 0.0578125
2 0.18046875 0.22109375 0.08125 0.18828125
1 0.32109375 0.3328125 0.1984375 0.0984375
0 0.2984375 0.19140625 0.05390625 0.02890625
2 0.33984375 0.196875 0.03671875 0.06328125
1 0.38125 0.24765625 0.13046875 0.0375
0 0.503125 0.2140625 0.078125 0.04609375
2 0.521875 0.2625 0.05078125 0.1078125
1 0.5171875 0.3359375 0.08125 0.04296875
0 0.621875 0.20859375 0.046875 0.05625
2 0.65234375 0.265625 0.03359375 0.1609375
1 0.7109375 0.36015625 0.1 0.053125
0 0.73671875 0.24609375 0.07109375 0.06640625
2 0.8015625 0.26171875 0.0640625 0.12578125
1 0.85703125 0.3 0.04453125 0.053125
0 0.13984375 0.4390625 0.03125 0.03359375
2 0.109375 0.48671875 0.028125 0.12578125
1 0.1125 0.58125 0.0421875 0.06171875
0 0.2234375 0.4703125 0.09921875 0.06640625
2 0.28984375 0.51796875 0.03671875 0.165625
1 0.246875 0.55703125 0.04765625 0.08984375
0 0.39453125 0.47265625 0.0390625 0.02734375
2 0.4546875 0.52109375 0.05703125 0.0875
1 0.36875 0.54453125 0.11796875 0.04375
0 0.5453125 0.46953125 0.02890625 0.03125
2 0.52265625 0.49140625 0.0203125 0.06875
1 0.51171875 0.59375 0.04765625 0.1359375
0 0.6453125 0.4671875 0.04375 0.0265625
2 0.63984375 0.528125 0.06796875 0.09453125
1 0.65546875 0.5984375 0.1109375 0.046875
0 0.77734375 0.4875 0.05234375 0.0484375
2 0.79296875 0.525 0.06875 0.109375
1 0.77578125 0.6078125 0.053125 0.05625
0 0.73046875 0.71328125 0.040625 0.0375
2 0.7578125 0.71953125 0.065625 0.06171875
1 0.7671875 0.778125 0.04296875 0.05625
0 0.5828125 0.69765625 0.06328125 0.02890625
2 0.59609375 0.7546875 0.1046875 0.08671875
1 0.596875 0.828125 0.1046875 0.059375
0 0.40625 0.69453125 0.0359375 0.03125
2 0.4578125 0.74296875 0.06640625 0.13359375
1 0.44296875 0.84375 0.0609375 0.06875
0 0.3265625 0.6796875 0.028125 0.04296875
2 0.31171875 0.715625 0.03984375 0.11640625
1 0.31328125 0.8046875 0.03671875 0.0625
0 0.21328125 0.70703125 0.04375 0.03203125
2 0.18828125 0.72890625 0.05703125 0.07734375
1 0.13515625 0.75 0.046875 0.02578125