2 0.734375 0.634375 0.05078125 0.19921875
2 0.5546875 0.3828125 0.07109375 0.11328125
2 0.33515625 0.178125 0.0640625 0.13515625
0 0.40078125 0.3359375 0.03515625 0.03046875
0 0.88828125 0.5515625 0.04765625 0.04296875
2 0.3484375 0.67734375 0.08125 0.146875
0 0.36484375 0.59140625 0.05078125 0.0265625
2 0.6140625 0.1578125 0.0421875 0.0890625
2 0.8875 0.15234375 0.0671875 0.1015625
2 0.25859375 0.39140625 0.10390625 0.12890625
1 0.35625 0.81328125 0.05078125 0.1234375
2 0.88984375 0.60390625 0.046875 0.1625
0 0.8515625 0.3140625 0.02734375 0.03359375
2 0.70234375 0.37890625 0.090625 0.09140625
2 0.75546875 0.153125 0.07421875 0.0921875
0 0.20078125 0.66015625 0.03046875 0.0421875
0 0.75078125 0.11953125 0.0359375 0.0265625
0 0.26640625 0.33515625 0.0515625 0.02265625
1 0.828125 0.2265625 0.0421875 0.05625
0 0.5984375 0.12890625 0.03203125 0.0375
1 0.71171875 0.2078125 0.0375 0.0203125
1 0.875 0.71015625 0.05234375 0.0515625
2 0.8609375 0.35390625 0.06796875 0.11484375
1 0.2671875 0.47109375 0.03671875 0.03359375
1 0.396875 0.51015625 0.0359375 0.06171875
1 0.5453125 0.47109375 0.07890625 0.0578125
2 0.47109375 0.1390625 0.05390625 0.07890625
1 0.6265625 0.24375 0.0796875 0.0828125
0 0.57578125 0.346875 0.03203125 0.025
2 0.17734375 0.6734375 0.07421875 0.07265625
0 0.30078125 0.140625 0.07421875 0.06171875
0 0.49609375 0.61640625 0.03359375 0.0484375
0 0.903125 0.1328125 0.0328125 0.0484375
0 0.52734375 0.11953125 0.0609375 0.05390625
1 0.47109375 0.27421875 0.04453125 0.1875
1 0.28125 0.27109375 0.1640625 0.05078125
2 0.37421875 0.39609375 0.06875 0.16015625
0 0.69765625 0.3265625 0.06015625 0.02265625
1 0.7421875 0.45234375 0.0984375 0.0484375
1 0.80234375 0.4078125 0.0453125 0.03984375
1 0.66796875 0.75546875 0.07734375 0.07421875
0 0.69140625 0.56953125 0.06328125 0.06953125
2 0.51484375 0.653125 0.07734375 0.12578125
1 0.5796875 0.64765625 0.0375 0.0828125
1 0.2203125 0.71328125 0.034375 0.028125