2 0.63984375 0.25 0.0390625 0.1140625
2 0.1296875 0.53984375 0.0875 0.1234375
2 0.159375 0.71796875 0.109375 0.1671875
1 0.2875 0.47890625 0.02890625 0.08203125
2 0.35703125 0.25546875 0.06171875 0.13203125
0 0.48046875 0.3015625 0.04140625 0.0171875
1 0.49609375 0.20546875 0.01953125 0.05703125
1 0.61640625 0.47578125 0.015625 0.03203125
2 0.34296875 0.759375 0.0953125 0.11171875
2 0.465625 0.26796875 0.0625 0.06953125
2 0.659375 0.76328125 0.040625 0.1265625
2 0.496875 0.78046875 0.040625 0.1421875
0 0.5671875 0.5640625 0.02890625 0.03828125
2 0.5921875 0.53984375 0.06484375 0.09375
0 0.66953125 0.803125 0.02890625 0.046875
0 0.6390625 0.2828125 0.05234375 0.04609375
0 0.33828125 0.83046875 0.06875 0.0375
0 0.0921875 0.5765625 0.03046875 0.04296875
2 0.80390625 0.2828125 0.03515625 0.1375
0 0.178125 0.30546875 0.021875 0.025
2 0.76171875 0.5359375 0.02421875 0.090625
1 0.50859375 0.66953125 0.07109375 0.0765625
0 0.31640625 0.29765625 0.034375 0.0375
1 0.1765625 0.4359375 0.0453125 0.08203125
0 0.80859375 0.33046875 0.034375 0.0390625
0 0.5078125 0.83984375 0.02578125 0.03359375
1 0.6515625 0.68671875 0.0203125 0.028125
1 0.83046875 0.1640625 0.075 0.09765625
1 0.60703125 0.1640625 0.02734375 0.0859375
2 0.203125 0.27265625 0.0359375 0.09921875
1 0.33046875 0.66015625 0.12578125 0.08046875
1 0.23515625 0.665625 0.040625 0.040625
0 0.078125 0.775 0.04765625 0.06328125
0 0.8375 0.76484375 0.06015625 0.02734375
2 0.80625 0.7703125 0.13203125 0.09765625
1 0.76015625 0.70703125 0.040625 0.02734375
1 0.7546875 0.4859375 0.028125 0.01015625
0 0.73828125 0.553125 0.01796875 0.03203125
0 0.4140625 0.56875 0.03828125 0.04140625
2 0.46953125 0.5375 0.059375 0.1
1 0.396875 0.51640625 0.0796875 0.05390625
0 0.2484375 0.575 0.03125 0.021875
2 0.284375 0.546875 0.03828125 0.05390625
1 0.39765625 0.196875 0.01875 0.021875
1 0.165625 0.1875 0.1203125 0.06953125