2 0.265625 0.634375 0.05078125 0.19921875
2 0.4453125 0.3828125 0.07109375 0.11328125
2 0.66484375 0.178125 0.0640625 0.13515625
0 0.59921875 0.3359375 0.03515625 0.03046875
0 0.11171875 0.5515625 0.04765625 0.04296875
2 0.6515625 0.67734375 0.08125 0.146875
0 0.63515625 0.59140625 0.05078125 0.0265625
2 0.3859375 0.1578125 0.0421875 0.0890625
2 0.1125 0.15234375 0.0671875 0.1015625
2 0.74140625 0.39140625 0.10390625 0.12890625
1 0.64375 0.81328125 0.05078125 0.1234375
2 0.11015625 0.60390625 0.046875 0.1625
0 0.1484375 0.3140625 0.02734375 0.03359375
2 0.29765625 0.37890625 0.090625 0.09140625
2 0.24453125 0.153125 0.07421875 0.0921875
0 0.79921875 0.66015625 0.03046875 0.0421875
0 0.24921875 0.11953125 0.0359375 0.0265625
0 0.73359375 0.33515625 0.0515625 0.02265625
1 0.171875 0.2265625 0.0421875 0.05625
0 0.4015625 0.12890625 0.03203125 0.0375
1 0.28828125 0.2078125 0.0375 0.0203125
1 0.125 0.71015625 0.05234375 0.0515625
2 0.1390625 0.35390625 0.06796875 0.11484375
1 0.7328125 0.47109375 0.03671875 0.03359375
1 0.603125 0.51015625 0.0359375 0.06171875
1 0.4546875 0.47109375 0.07890625 0.0578125
2 0.52890625 0.1390625 0.05390625 0.07890625
1 0.3734375 0.24375 0.0796875 0.0828125
0 0.42421875 0.346875 0.03203125 0.025
2 0.82265625 0.6734375 0.07421875 0.07265625
0 0.69921875 0.140625 0.07421875 0.06171875
0 0.50390625 0.61640625 0.03359375 0.0484375
0 0.096875 0.1328125 0.0328125 0.0484375
0 0.47265625 0.11953125 0.0609375 0.05390625
1 0.52890625 0.27421875 0.04453125 0.1875
1 0.71875 0.27109375 0.1640625 0.05078125
2 0.62578125 0.39609375 0.06875 0.16015625
0 0.30234375 0.3265625 0.06015625 0.02265625
1 0.2578125 0.45234375 0.0984375 0.0484375
1 0.19765625 0.4078125 0.0453125 0.03984375
1 0.33203125 0.75546875 0.07734375 0.07421875
0 0.30859375 0.56953125 0.06328125 0.06953125
2 0.48515625 0.653125 0.07734375 0.12578125
1 0.4203125 0.64765625 0.0375 0.0828125
1 0.7796875 0.71328125 0.034375 0.028125