2 0.1828125 0.71796875 0.07890625 0.18671875
0 0.428125 0.74453125 0.04921875 0.03125
0 0.2359375 0.45625 0.03125 0.03671875
2 0.7421875 0.3703125 0.0453125 0.18515625
0 0.3625 0.19765625 0.025 0.03828125
2 0.34296875 0.17109375 0.05703125 0.10234375
2 0.2125 0.41171875 0.0390625 0.14453125
0 0.52890625 0.19296875 0.034375 0.02578125
2 0.5609375 0.38515625 0.08203125 0.08203125
0 0.7296875 0.4390625 0.0390625 0.0453125
2 0.7671875 0.6515625 0.03984375 0.13125
2 0.41953125 0.4109375 0.0453125 0.06875
2 0.421875 0.70078125 0.0703125 0.11484375
2 0.62578125 0.6546875 0.0265625 0.1140625
0 0.39921875 0.44296875 0.0359375 0.01484375
0 0.17734375 0.790625 0.040625 0.04609375
1 0.4 0.3453125 0.01875 0.059375
2 0.51875 0.16796875 0.0484375 0.0671875
1 0.40546875 0.58203125 0.14921875 0.115625
0 0.59765625 0.68984375 0.03125 0.04609375
1 0.7546875 0.54296875 0.0734375 0.08671875
0 0.74921875 0.69921875 0.059375 0.0421875
1 0.709375 0.240625 0.0453125 0.0734375
0 0.65859375 0.20078125 0.0515625 0.02578125
1 0.1703125 0.31328125 0.1328125 0.05
2 0.6515625 0.17734375 0.08203125 0.06328125
0 0.56796875 0.41171875 0.06796875 0.0328125
1 0.63828125 0.121875 0.05625 0.04453125
1 0.1640625 0.59921875 0.11875 0.046875
1 0.58984375 0.55078125 0.10625 0.08984375
1 0.4828125 0.11484375 0.0671875 0.0375
1 0.39765625 0.1375 0.0484375 0.059375
2 0.16328125 0.18359375 0.07890625 0.0828125
0 0.1546875 0.22421875 0.0359375 0.03125
1 0.60234375 0.29140625 0.10546875 0.1