2 0.365625 0.22734375 0.04609375 0.1875
0 0.484375 0.6765625 0.053125 0.02734375
0 0.48671875 0.45859375 0.025 0.02578125
0 0.80234375 0.6765625 0.03359375 0.0375
2 0.71640625 0.234375 0.0734375 0.08828125
1 0.759375 0.7515625 0.03359375 0.02890625
2 0.56015625 0.22578125 0.0453125 0.128125
2 0.8453125 0.2140625 0.0328125 0.0859375
0 0.31015625 0.64765625 0.0328125 0.0296875
0 0.80859375 0.42109375 0.028125 0.0265625
0 0.57734375 0.1734375 0.0328125 0.0328125
0 0.1484375 0.6421875 0.03125 0.03046875
2 0.65078125 0.70234375 0.04140625 0.0796875
2 0.48984375 0.71015625 0.07109375 0.0796875
1 0.440625 0.534375 0.1265625 0.05234375
0 0.18125 0.1625 0.028125 0.02734375
1 0.5765625 0.3078125 0.01875 0.03359375
0 0.1703125 0.3921875 0.03203125 0.05
2 0.19296875 0.1890625 0.04296875 0.08125
1 0.82734375 0.27890625 0.02265625 0.04921875
0 0.6265625 0.43359375 0.06875 0.03515625
2 0.60390625 0.46328125 0.0359375 0.08984375
0 0.65390625 0.684375 0.03125 0.0453125
0 0.74140625 0.21875 0.02890625 0.03984375
2 0.79921875 0.70078125 0.04609375 0.090625
1 0.14765625 0.47578125 0.08515625 0.04453125
1 0.18984375 0.27265625 0.06171875 0.0859375
2 0.33046875 0.46171875 0.028125 0.08046875
2 0.159375 0.65 0.04609375 0.06328125
1 0.66796875 0.7734375 0.04375 0.0546875
2 0.14921875 0.4109375 0.053125 0.08046875
2 0.32578125 0.671875 0.0203125 0.078125
1 0.16484375 0.696875 0.08671875 0.02734375
2 0.47265625 0.46796875 0.03671875 0.071875
0 0.30625 0.43203125 0.03671875 0.028125
1 0.803125 0.49921875 0.02265625 0.08125
1 0.4375 0.36015625 0.18359375 0.08203125
1 0.77734375 0.2703125 0.04140625 0.05078125
0 0.8359375 0.17734375 0.05390625 0.028125
2 0.79609375 0.428125 0.0546875 0.0625
1 0.62578125 0.5703125 0.1046875 0.12421875
1 0.30625 0.50703125 0.02890625 0.01484375
1 0.28125 0.73046875 0.1078125 0.03671875
1 0.43984375 0.7390625 0.09296875 0.02734375