2 0.1828125 0.28203125 0.07890625 0.18671875
0 0.428125 0.25546875 0.04921875 0.03125
0 0.2359375 0.54375 0.03125 0.03671875
2 0.7421875 0.6296875 0.0453125 0.18515625
0 0.3625 0.80234375 0.025 0.03828125
2 0.34296875 0.82890625 0.05703125 0.10234375
2 0.2125 0.58828125 0.0390625 0.14453125
0 0.52890625 0.80703125 0.034375 0.02578125
2 0.5609375 0.61484375 0.08203125 0.08203125
0 0.7296875 0.5609375 0.0390625 0.0453125
2 0.7671875 0.3484375 0.03984375 0.13125
2 0.41953125 0.5890625 0.0453125 0.06875
2 0.421875 0.29921875 0.0703125 0.11484375
2 0.62578125 0.3453125 0.0265625 0.1140625
0 0.39921875 0.55703125 0.0359375 0.01484375
0 0.17734375 0.209375 0.040625 0.04609375
1 0.4 0.6546875 0.01875 0.059375
2 0.51875 0.83203125 0.0484375 0.0671875
1 0.40546875 0.41796875 0.14921875 0.115625
0 0.59765625 0.31015625 0.03125 0.04609375
1 0.7546875 0.45703125 0.0734375 0.08671875
0 0.74921875 0.30078125 0.059375 0.0421875
1 0.709375 0.759375 0.0453125 0.0734375
0 0.65859375 0.79921875 0.0515625 0.02578125
1 0.1703125 0.68671875 0.1328125 0.05
2 0.6515625 0.82265625 0.08203125 0.06328125
0 0.56796875 0.58828125 0.06796875 0.0328125
1 0.63828125 0.878125 0.05625 0.04453125
1 0.1640625 0.40078125 0.11875 0.046875
1 0.58984375 0.44921875 0.10625 0.08984375
1 0.4828125 0.88515625 0.0671875 0.0375
1 0.39765625 0.8625 0.0484375 0.059375
2 0.16328125 0.81640625 0.07890625 0.0828125
0 0.1546875 0.77578125 0.0359375 0.03125
1 0.60234375 0.70859375 0.10546875 0.1