2 0.634375 0.22734375 0.04609375 0.1875
0 0.515625 0.6765625 0.053125 0.02734375
0 0.51328125 0.45859375 0.025 0.02578125
0 0.19765625 0.6765625 0.03359375 0.0375
2 0.28359375 0.234375 0.0734375 0.08828125
1 0.240625 0.7515625 0.03359375 0.02890625
2 0.43984375 0.22578125 0.0453125 0.128125
2 0.1546875 0.2140625 0.0328125 0.0859375
0 0.68984375 0.64765625 0.0328125 0.0296875
0 0.19140625 0.42109375 0.028125 0.0265625
0 0.42265625 0.1734375 0.0328125 0.0328125
0 0.8515625 0.6421875 0.03125 0.03046875
2 0.34921875 0.70234375 0.04140625 0.0796875
2 0.51015625 0.71015625 0.07109375 0.0796875
1 0.559375 0.534375 0.1265625 0.05234375
0 0.81875 0.1625 0.028125 0.02734375
1 0.4234375 0.3078125 0.01875 0.03359375
0 0.8296875 0.3921875 0.03203125 0.05
2 0.80703125 0.1890625 0.04296875 0.08125
1 0.17265625 0.27890625 0.02265625 0.04921875
0 0.3734375 0.43359375 0.06875 0.03515625
2 0.39609375 0.46328125 0.0359375 0.08984375
0 0.34609375 0.684375 0.03125 0.0453125
0 0.25859375 0.21875 0.02890625 0.03984375
2 0.20078125 0.70078125 0.04609375 0.090625
1 0.85234375 0.47578125 0.08515625 0.04453125
1 0.81015625 0.27265625 0.06171875 0.0859375
2 0.66953125 0.46171875 0.028125 0.08046875
2 0.840625 0.65 0.04609375 0.06328125
1 0.33203125 0.7734375 0.04375 0.0546875
2 0.85078125 0.4109375 0.053125 0.08046875
2 0.67421875 0.671875 0.0203125 0.078125
1 0.83515625 0.696875 0.08671875 0.02734375
2 0.52734375 0.46796875 0.03671875 0.071875
0 0.69375 0.43203125 0.03671875 0.028125
1 0.196875 0.49921875 0.02265625 0.08125
1 0.5625 0.36015625 0.18359375 0.08203125
1 0.22265625 0.2703125 0.04140625 0.05078125
0 0.1640625 0.17734375 0.05390625 0.028125
2 0.20390625 0.428125 0.0546875 0.0625
1 0.37421875 0.5703125 0.1046875 0.12421875
1 0.69375 0.50703125 0.02890625 0.01484375
1 0.71875 0.73046875 0.1078125 0.03671875
1 0.56015625 0.7390625 0.09296875 0.02734375